2.51357473924781E-124 2.28544136516978E-174 1 0 0 0 0 0 0 
6.00520064827574E-68 0.963223432594561 0.0367765674054394 1.74152924390134E-180 0 1.1940023280836E-182 0 0 2.23489046397459E-218 
1.65053472704805E-41 0.960520054057727 0.0394799459422733 1.19781761523637E-111 0 2.92346205981398E-113 0 0 1.46310188429841E-291 
7.68994095950156E-148 3.9319293602964E-38 1 1.91938471257415E-298 0 4.15143065383221E-286 0 0 5.63028370713712E-230 
0.14730587784919 0 0.85269412215081 0 0 0 0 0 0 
0.921829417570901 6.03587678802539E-98 0.0781705824290993 0 0 0 0 0 4.42975796487388E-147 
5.90116096876308E-130 3.40872307488229E-137 3.86177955756394E-131 8.34773985018957E-115 3.36545470704192E-123 6.5512777591843E-160 0 0 1 
3.33406679550655E-301 7.36750885818814E-297 2.06958157594094E-143 1.83496288891359E-126 4.94065645841247E-324 1 0 6.78718234040305E-225 2.15970788145454E-286 
0 0 9.58141011010626E-142 5.62172046005304E-81 0.969223538894741 0.0307764611052591 0 0 1.38520991542097E-260 
0 0 0 0.450222852372492 1.54263525191494E-142 0.549777147627508 0 0 1.70256190224982E-245 
6.43273977445964E-169 8.6142952082361E-169 0.20926183308768 0.790738157634849 0 9.27747048503207E-09 0 0 0 
0 0 3.06517050164884E-251 0 0 1.09961436256783E-247 0.26963539489982 0.192596710642728 0.537767894457452 