1.59366301837821E-39 0 0 0 0 0 0.583335193864995 0 4.70259646561139E-259 0.416664806135005 3.52015478006176E-104 0 
0 0.0246955736818187 0.396210332984841 0 0.435518109619996 0 0 0 0.0680716009065448 0 0.00113473700401878 0.0743696458027808 
0 0.172378137621526 3.72758337096558E-307 0 1.04132460901439E-182 0 0 0 0.234506142411074 0 0.5931157199674 9.5315350400334E-104 
0 0 0 0 0 0.50085284282773 0 0.49914715717227 0 0 0 0 
0 0.432908101905084 3.10591627980725E-182 0 3.04638917925837E-130 0 0 0 0.212896042095154 0 0.354195855999762 6.72100015783052E-80 
1.02852195528642E-245 0 0 0.33333331702301 0 3.40148554094231E-169 3.46980635462297E-247 0.66666668297699 0 0 0 0 
4.56640502566667E-06 0 0 0 0 0 0.271663928517164 0 7.88357192090628E-156 0.499933014495744 0.228398490582067 0 
0.109411392688765 0 0 0.187359951269706 0 0.250666948653292 0.0157086569649441 0.436853050423294 0 1.53691457485881E-158 0 0 
0 0.103020561366855 0.330438065052026 6.88442425152633E-159 0.510062698517032 1.44965769156819E-158 0 0 1.11811719649172E-12 0 2.16880800448347E-45 0.0564786750629679 
0.999372100317815 0 0 0 0 0 0.000627899682184625 0 3.80134107910255E-320 1.11264400232581E-96 1.09929514815089E-164 0 
0 0.435843165642097 0.0633534479004285 0.221551060404867 0.154368487149013 0.110775530202434 0 0 1.94733380105377E-43 0 0 0.0141083087011611 
0 0.235825699855725 8.525136784325E-103 0 1.28052983693252E-79 0 0 0 0.550739260257378 0 0.213435039886897 5.59498146551647E-53 
