2,49812386470608E-281 6,1370437230689E-125 2,39099277027046E-148 3,53316031788036E-99 9,08382232114519E-96 1,60738003581671E-95 3,13902858809912E-115 0,613625242160621 6,46334429059553E-98 0,194229121177584 1,99919031169045E-115 1,76900223479427E-187 1,29922343414842E-206 1,50834385144999E-113 1,46578461810356E-224 7,87311699096505E-96 4,86424160561606E-31 1,28621960234196E-43 2,6304845142592E-22 0,192145636661794 
1,36577569739407E-185 6,6216003937674E-108 2,21396338043281E-39 0,00942777913346336 1,36093015391188E-10 3,61865832239424E-09 0,0566028680855995 2,75950028282304E-13 0,479739348099478 7,38622961789769E-11 8,04373631447623E-17 1,50544199152886E-107 2,73402104407373E-124 0,107566949947502 1,09509566195154E-151 0,34666285127062 1,99634368938541E-07 7,75963787068546E-14 1,20026406519148E-32 1,25320508249376E-15 
6,05224670073184E-149 1,26575974960892E-40 4,10547716765609E-60 0,0139160044336532 0,0492645800383315 0,0913797563280941 9,9756028370573E-68 0,249105853463927 0,0686639773203072 0,00641950600117196 5,80225457536447E-68 7,41717881204386E-51 4,62348621359389E-50 1,8241514307513E-67 1,59316097529432E-50 0,332635348726419 1,57801144278437E-24 6,62651115022085E-31 1,07207821682154E-10 0,188614973580888 
9,97431523848566E-74 0,00382319921688462 0,00347230933574145 0 0 0 0,122163527895882 1,25962138904406E-05 0 6,7943648812863E-14 0 0,00144670885454742 3,52911355624647E-09 0,00289462344583364 0,00285191107909662 0 3,30593849687987E-09 0,123131281320341 0,0455534715675032 0,694650364235159 
0,973992933762747 2,24508846219232E-13 4,62021314641591E-05 0 0 0 0,00301077696798741 1,61490115665062E-50 0 0 0 0,00274809548090303 1,32228115172282E-10 1,97299434065291E-05 9,10533047045595E-05 0 3,71964689041261E-77 0,0166104978382194 0,00345418132880846 2,65291093068886E-05 
0,319329444920348 4,77616245955963E-13 0,000415045083441916 0 0 0 0,00790763109123866 1,5360269139924E-49 0 0 0 0,0049067210324606 4,87150410906396E-11 0,00020616373059412 0,00014137183360841 0 4,17584147049167E-76 0,393157091515953 0,272049687009522 0,00188684373364084 
1,59606028399975E-115 0,271555683363074 3,30840834414164E-67 0,0143555789130301 0,0599764149662237 0,035007568368905 0 0,0301770561940428 0,00041707232838554 0,0146407013286341 0 1,03379345562869E-12 6,59223556553506E-08 0 0,14764792660241 9,14143068848181E-05 4,41218386927549E-46 1,48535080769746E-54 0,324888504050549 0,101242013654471 
1,93141422983939E-96 1,46657259872712E-10 0,228660315571261 5,70460350309083E-06 9,84343304069847E-52 3,68195869516053E-50 0,0043546778327127 4,51839556014641E-111 9,08817898019778E-05 1,49529509422101E-47 0 3,72401404934879E-05 7,996057756292E-08 0,716703369328102 0,0457485749387204 0,00439915568817105 2,24952976270272E-26 7,27149367883428E-60 1,39715690603936E-114 0 
1,15010921187823E-91 0,225338597659719 0,20977368374338 0 0 0 0,0370879322515931 0,000425433784301986 0 2,37679994524325E-05 0 0,00286735435855735 7,60834140325047E-09 0,235798118002966 0,00751622999283656 0 0,24311936833737 0,0312711812555159 0,00429414871807624 0,00248417628789004 
1,69679583893433E-95 5,47686396258255E-14 0,69971560759766 5,28626142327619E-14 0 0 0,0793377635892847 0 1,28547334415328E-07 0 0 0,000139671866968171 1,67761329324699E-08 0,0902560398868496 0,130513230439484 3,75412961780982E-05 2,45306638944914E-69 1,40070986425032E-56 1,45097874632033E-106 0 
5,01206505450683E-115 1,29655884998217E-16 1,30254583415247E-68 0 0 0 0 0 0 0 2,218772266745E-103 7,38608681517377E-19 5,342796752959E-07 0 0,999999465720325 0 0 1,77835732442646E-267 2,82467642523554E-113 0 
1,75808755586723E-194 2,01472295812712E-106 1,28919555470867E-49 0,00549749459300046 0,287731044698922 0,43940263591218 2,32825777722913E-13 0,0457346349220614 0,00551951979097196 0,176354300010778 2,03014100928213E-17 4,40765671451788E-120 3,36473741472305E-130 5,52675970053853E-12 6,77061844469877E-165 0,0144745702297197 2,57751044989701E-06 1,18887253993983E-10 5,06725238703549E-21 0,0252832222072697 
1,26087797934987E-215 1,88382291833773E-134 3,33880235089727E-53 4,15538501883006E-09 1,47165428251176E-07 7,38938636694747E-07 1,31818824920431E-08 2,79652406528588E-08 3,83147733576586E-07 8,19908806693771E-09 0,99999837493535 2,65604694428266E-139 9,24749008836126E-171 1,52028865169236E-08 2,63127602440338E-233 9,97619221008259E-08 8,06810987352896E-09 7,34751928821815E-13 2,82306562029224E-29 1,79277602529728E-07 
1,70445621388814E-116 0,107695092529983 1,71621573856851E-66 0,0662116378180183 0,00918144217240041 0,00491820747196799 0 0,0285132535687669 0,00379720300886667 0,0011880216300867 0 1,66568829215745E-13 5,22991310467595E-07 0 0,693213662276951 0,0136151736046345 3,23913430995803E-46 6,08468082581719E-54 0,0566979685985466 0,0149678143283014 
1,0624307540343E-226 1,49551969229161E-153 2,2426122526218E-52 0,00170068293496729 0,158219262189051 0,345438144133205 0,0161133799221766 0,0235669643787662 0,120284127264268 0,014398133448554 0,105665902643117 5,36427849870039E-165 7,51771436550248E-212 0,00535456915901578 0 0,0191083477655951 0,00320743516156309 8,30620969717654E-08 3,33749077775388E-24 0,186942967937624 
1,77121313289243E-93 0,0142477749362815 0,0948223284542865 0 0 0 0,0922871796970161 0,000124104714955555 0 0,000221030936448893 0 0,00519295775495854 6,09515090633819E-09 0,498195968872166 0,00234585227746813 0 0,271598859300625 0,0207345630607877 4,96839889537514E-05 0,000179689910900762 
2,56294190137808E-103 1,17020697697137E-09 3,71568851768394E-24 2,30309106721459E-07 1,36625767352787E-74 1,49922887608585E-73 2,79503411190309E-46 9,81907317427001E-73 0,0331590452141276 1,47515873628943E-70 0 1,08567901582299E-07 1,20271799298391E-07 1,07763563001747E-45 0,118633764385055 0,848206730081802 1,66314781119981E-63 1,133059392212E-58 1,83887456040114E-48 1,08078669551282E-73 
4,03876242875702E-108 8,49270200805685E-06 4,30447224736458E-30 0,0188367937300667 0,132323614363297 0,0195933021006064 5,52912180401064E-56 8,23740420888062E-26 0,00525736994466634 0,723587628177832 2,34099410322691E-267 9,17883436814396E-11 4,13445204205433E-10 1,09765495096245E-53 9,11878256529474E-05 0,100301610650637 1,07814509833545E-20 4,28001976042408E-57 1,47544905229214E-40 4,25106785492257E-55 
1,55796489318266E-113 7,64324082499652E-24 1,00327784765767E-10 0,179508717416154 0,0502381143881675 0,481816694008672 0,00320292548061849 6,73682054555232E-46 0,0105436309661287 0,086952436689997 4,90806559846582E-113 1,75528277353895E-23 1,34812175041974E-27 0,0536037450853885 1,85092837788972E-24 0,00877115257887628 0,12536258328567 1,42542873653062E-43 1,18227381697667E-83 3,42402627299676E-109 
3,70342690741793E-96 1,3756591561681E-05 0,629769041666649 0,0237961661670446 2,59215221930988E-05 0,000173697635185623 0,0042149149102884 3,30597350109524E-68 9,5487197964653E-06 0,000193238408124877 0 2,67435558433613E-05 1,92816531007496E-06 0,140116003444056 0,195768568455638 0,00113450422584406 0,00475596653246585 3,13333234423143E-60 3,81908851194533E-116 0 