0 2,22179250935689E-55 0,0622352447725426 1,18603342339569E-25 2,03966728025004E-107 0 0 0,22763436369873 0,710130391528727 0 
0,100581477925593 2,10023655612119E-88 1,08295865353426E-32 0,0392035313845321 2,65311995316845E-93 0 0 0,860214990689875 0 0 
3,48991091529895E-50 7,98212985466551E-19 0,53605320085792 1,88467331347286E-119 1,82663913899731E-83 0 0 0,46394679914208 2,18762593465815E-211 0 
1,19969175185743E-64 0,924782057949234 8,74250179604527E-18 1,1817550385947E-95 0,0752179386890932 5,86890533800706E-186 4,32084041831272E-206 3,36167244923895E-09 3,58827202748841E-52 3,92886431094333E-195 
3,10427099305823E-33 4,3402189500072E-32 4,45409214193392E-66 6,22096161440718E-43 1 1,85068910872653E-81 5,93484301277975E-94 5,94819493315963E-94 0 8,0716410112159E-86 
1,90434105874623E-31 8,53961187468126E-12 7,53195700750607E-27 3,46319042872083E-62 0,999999999991461 1,4380566170585E-85 5,46146505583254E-101 2,9224006392955E-50 1,11778569357307E-146 5,03944414509733E-92 
1,11650627685252E-54 3,46813197490433E-19 1 5,1831882066779E-36 1,93107404380676E-30 2,55661618572136E-87 3,66321781758207E-77 6,63496433726396E-43 1,38662257792318E-78 6,15587882316754E-78 
0,49799779533325 4,96617548137122E-26 5,98219784180222E-119 0,50200220466675 2,97365860334743E-30 1,17805467826968E-121 1,91658362448658E-136 7,27595831267776E-54 0 8,43278700533043E-127 
2,1239879648357E-14 0,999999999184749 2,11775229175852E-20 7,34345227629923E-10 8,0884769538881E-11 1,70961718093659E-30 8,84528302035434E-48 8,97267969978151E-84 1,96447983067393E-210 9,00149337750401E-38 
0,999993946142731 6,00904766393467E-06 1,37685394841299E-57 1,36896265063846E-10 4,46727091439655E-08 8,98808077145772E-83 4,78308248802599E-80 7,73525410215792E-52 0 3,96967535910536E-77 
6,70585482555969E-07 6,73949630114812E-07 0,000599843478039046 5,50314761264304E-05 3,30065396405197E-05 0,279807016711879 0,479669171506135 7,97878495228686E-284 0 0,239834585753067 
2,42502133498583E-224 2,00269214269293E-95 0,103708893053943 1,80496918403591E-05 9,34135084539758E-229 0 0 0,896273057254217 6,73686241241614E-92 0 
1,63531776248286E-318 0 0 6,57444525076311E-315 0 0,0781973523782529 0 0,921802647621747 0 0 
6,60312043850376E-15 2,72140208423725E-29 0,999999999999993 7,78582225351403E-34 5,44391900302894E-47 4,24422072944254E-91 6,40722302376911E-82 4,06573082160198E-40 1,29570098571528E-239 5,83207719607736E-82 
2,13993572305891E-115 1,31565554333209E-104 5,3171982646251E-153 1,10526322549819E-109 2,17513272465199E-117 0 2,01434101477995E-73 1 4,02975262571016E-298 0 
1,7593232372775E-17 0,999999999998466 1,21937560041126E-49 1,5323901530277E-12 2,02522225301613E-15 9,73451072502486E-75 1,66447275611569E-95 2,97975193122409E-40 7,32445779252151E-215 2,75352743701543E-85 
0,640741122895979 2,06810083834734E-95 0,359258877091222 4,78564177058083E-25 5,77877791249732E-98 5,00761430223863E-181 4,94019588119834E-189 1,27987843302337E-11 0 5,10535595002642E-183 
7,25331868755811E-121 2,41943560679231E-112 0,431758581513007 0,549334254088109 0 0 0 0,0189071643988846 2,18421003021289E-22 0 
3,96039335373579E-58 1,17161030456247E-65 3,52249863741385E-36 0,749194106737495 3,50892675384116E-89 0 0 0,250805893262505 2,95803493863662E-124 0 
0,00102826171794796 8,97146150412525E-36 3,40970746788192E-42 0,998971738282052 2,26434112624099E-39 5,5629989579498E-102 9,0263024353484E-99 6,24985927567273E-40 3,65778117415728E-254 3,4838268603142E-96 