5,50816493892593E-15 0,00554430718239578 0,00305128707096693 1,09031532597317E-05 5,93993665322694E-37 0,122734450915621 4,12891917827957E-38 0,00197743603146986 0,608121170424787 0,0873242733385136 2,60084023495356E-15 5,48454625644478E-18 0,000982658500948934 7,36225830336986E-79 0,0638748038639958 5,83908307701359E-23 0,00465118458342861 8,57924723617208E-33 0,101554363544104 0,000173161390500374 
2,35908297741389E-05 1,13268096674535E-06 2,16578477896116E-06 1,53584392453759E-06 0,00223324688847902 0,020328653696407 0,00162689990021712 3,32755401669356E-06 0,097971945734706 0,0179724361798041 9,55795141059234E-06 0,00199925646746759 0,00047015579075141 4,76233276081774E-292 0,00583466127521206 0,828167272183596 6,25609930255051E-05 0,0020067555892797 0,0210707012486139 0,000214143407569183 
0,000546162237572071 0,0169806093640182 0 0,0765877652450201 8,13924240704491E-06 8,74529518586751E-08 8,27142857749139E-05 8,15977900523186E-17 2,9166341727333E-278 1,04304835927292E-71 1,90717789889958E-33 0,244498130065304 0,0271412722859782 1,47037499134905E-05 0 0,633905613752485 9,0674176702666E-51 2,31389730353743E-15 0,000234802318572669 5,14856696217067E-135 
0,0632190013434467 0,000243370031029518 2,03807589553735E-05 3,71284073688169E-05 0,451307641745435 0,0011614176567976 0,436659877621874 0,00059073134506189 1,59504946880197E-06 2,6950563013398E-06 0,00715373803680954 0,0011039175111903 0,015391349232476 1,58774053632059E-05 5,62773130041793E-70 5,04832315048878E-46 1,74567904531724E-51 0,0205315302890816 0,000257606451767661 0,00230214205757284 
1,29468404624966E-36 0,399307082042819 0,001054782347571 0,0446341166974603 1,48197707249096E-267 0,024847324200772 9,27192464976866E-282 0,310320718418894 8,92287862122987E-05 0,00380380826761482 5,19939751278973E-34 4,41899960782575E-48 0,000701578948287639 0,00463553023550916 0,000107862926376369 7,92804228760463E-89 0,0670089214582163 4,62647606739131E-160 0,143488967129632 7,85406356927613E-08 
0,11277934450833 0,0110352122188338 0,0117970571899695 0,0322777163855163 0,0424256520180272 0,00906537518608807 0,106991743139003 0,0128155757238375 3,1134193182517E-06 6,03368426306583E-05 0,470127050601236 0,00157959212672254 0,135023247347625 1,24566475538424E-14 5,43749678712101E-61 6,53513346720006E-38 4,15555021744378E-45 0,0486547668602645 0,00525733484364452 0,000106881588940851 
3,77713596211381E-37 0,162402502692546 0,0590870437447656 0,0478144974565495 2,22565638130946E-280 0,0196409098639808 8,19191123277864E-299 0,414724311232878 0,00359300385893458 0,0215867821899092 8,74072830467391E-33 9,86397826001415E-50 0,00882662503369715 0,00016874400256793 0,00676593351916017 9,47756026247421E-92 0,250920767354689 2,52271229774832E-163 0,00446842672927082 4,52321052068892E-07 
0,00438078667963782 0,00108150032123655 2,32253085371715E-20 0,00112122648916774 0,176604639603222 0,00119119694270435 0,234880200494718 5,54909255197566E-06 4,22069528147659E-18 3,91717743097273E-11 3,88128634180406E-07 0,479633365139131 0,0881620701626301 7,72256907265056E-49 5,24176082563293E-39 3,05705576428013E-11 1,31778511490312E-24 0,00519197604071447 0,00774710083584605 6,31651535403806E-14 
0,342111249323795 0,00355397857721754 5,9037484428669E-13 1,3897289774787E-05 0,0364348804867112 1,18646671662112E-07 0,255647225818299 0,00350822699128197 6,78444269878407E-230 4,78812902910164E-67 0,209514454238292 0,0055722559187205 0,142706168683571 6,4952439468422E-231 0 1,00425792695901E-43 3,02216634306608E-50 7,32475412040103E-12 0,000937544017750639 2,96608120949526E-125 
0,0208547622140676 0,00230310270031036 5,41001298474277E-06 0,00187295724541291 0,0159756027990335 8,68077677087204E-05 0,0567084856967352 0,024402574472103 1,17286449376711E-66 5,64984515278408E-34 0,698564415428608 0,000947941775271569 0,174616193990448 7,53464880427508E-68 1,91761031891401E-129 2,16242446858299E-43 1,23534486208561E-50 1,1146168584584E-08 0,00366173475114853 1,62961675754522E-51 
1,57563776793602E-12 0,148368099454666 3,27852562150916E-37 0,00487822387051477 1,25096063862704E-35 0,000491085079408488 1,76229124249715E-35 8,43347774790437E-07 2,43340415568448E-35 9,22582092899574E-21 1,7233480273E-23 3,42340506057578E-16 0,00201793384454764 0,840630898353062 2,86912815192462E-62 3,80256298437005E-34 1,32430823347025E-30 1,3101644143528E-35 0,00361291604845063 9,40816712369971E-30 
6,0052042516477E-16 0,0853134789478863 0,289468999715029 0,0146258300773897 5,70921766189766E-46 0,00118783643783687 1,48474467159289E-47 0,121184205358261 0,247762877960904 0,173777369033077 2,31231462403444E-14 1,18896940017494E-22 0,0090448720679329 0,0019748129053769 3,00086674768774E-28 1,44268384748833E-59 6,7641604321034E-24 6,35844077853476E-40 0,0375591578361804 0,0181005596601019 
0,0123515335329646 0,158162710357546 0,135224281395296 0,045030688782181 0,00493698683218239 0,103931793752153 0,000581706496027742 0,0506330858927011 0,047613424047364 0,0493068105136641 0,0808055483276647 0,00140079676825739 0,0231455467289314 0,14413946125503 6,86045390074834E-65 8,65567928267859E-42 3,50915941002723E-49 0,0295695198484788 0,0379302376636393 0,0752358678059181 
0,0849213978145862 0,226807522624524 1,80587602200614E-293 4,71225358102981E-05 0,006697636048049 7,78368835438074E-08 0,269664439343651 5,76871949467306E-18 7,20458936436514E-233 5,96988293650266E-66 7,34825566736346E-34 0,00935062246729639 0,0201477109666027 1,08640127677293E-245 0 7,6265952502099E-43 2,1641318463751E-47 3,17166391699099E-10 0,382363470045431 9,59295227521228E-126 
5,16927546206417E-65 4,12821004753158E-67 0,00223956842509265 0,000103230116103259 2,83763072895926E-63 1,13192135387994E-08 8,13629902630787E-65 2,13365865846635E-25 1,93665134059315E-50 2,66760515079131E-27 8,44234294168593E-14 9,33953571532778E-27 0,997657190116917 7,82321216736859E-305 1,20665546070159E-114 1,91534474321414E-107 5,32456956536593E-108 2,78518551557863E-64 2,25887252092631E-11 2,6557610310975E-43 
2,4531664207795E-59 1,48993479050178E-44 2,61039401146838E-41 5,56714232622043E-46 7,38283923995241E-91 1,28339644289464E-40 1,01702632290317E-91 8,30759711542476E-46 0,0617428688727601 3,27963140217411E-16 2,69840401658907E-59 7,44702298893793E-63 8,95303978994808E-45 2,08632394397241E-101 0,938257131030044 1,04416743371189E-71 4,2270223041376E-21 5,78373641211218E-76 5,41589508280178E-43 9,71954271651396E-11 
9,30324080807839E-53 9,41937234931629E-53 0,495229565201289 0,00021867829782755 5,75512500895658E-49 9,11485415293831E-05 6,03772960017282E-50 9,85966711812479E-24 0,501270470329152 0,00148541370700357 4,38591833573136E-16 1,13741399515089E-20 0,00169306617649099 5,82185116905288E-211 9,36082179161894E-27 2,00737965105614E-50 2,09471671904291E-52 1,35485287281448E-43 7,39021307306627E-08 1,15838445767289E-05 
6,79488774234775E-32 0,378061652314745 0,000982703090146475 0,0241787846187527 2,19215614680227E-157 0,00743675011177435 6,36422881777552E-161 0,478105587554049 1,41997403626979E-13 6,47282475357216E-08 1,26925572222745E-28 7,25002431120789E-42 0,0105793959561616 8,25949719876623E-13 4,49005868964418E-13 2,14871341841052E-84 2,42525821334594E-05 1,15001882597805E-124 0,100630809042559 1,35263774932207E-14 
0,00185949971598856 0,000364182020277737 0,0783368225872008 0,00290371821411071 0,0994788863016357 0,041661814043503 0,0569256831879485 0,000344690904109104 0,0910980361868705 0,0396026262926253 0,0237315577261218 0,000977742657146423 0,0167677742134781 6,27306279076739E-20 6,44349175092857E-49 1,15582589265106E-33 2,11946552147567E-40 0,163972913401433 0,00346839154906072 0,378505660998491 
0,0324916375843332 0,162452856190867 3,92965242168647E-09 0,000572059557187883 4,59649092165588E-06 1,91203901745131E-05 4,81621835243813E-05 0,0730231166602575 3,18434890625943E-127 6,33238184673743E-53 0,0119916904470232 8,59215968662146E-05 0,392690956706611 1,37179823692694E-128 9,11954059570769E-179 1,70780649472956E-43 7,3757382947657E-46 7,08999758867407E-14 0,32661987826251 2,22004457545587E-89 