0,000723439217996543 0,328077422469659 0,671199138312345 1,13798241914513E-101 4,80932375075957E-54 1,05827864994543E-103 2,49590216576656E-65 4,41020883231681E-33 
2,09199175200279E-10 3,62476421679283E-78 0,999999999790684 4,88585693682436E-36 1,2771687142691E-192 2,34567089253784E-27 1,16609193228736E-13 1,973599584308E-55 
4,84074214688916E-14 4,63544982792885E-54 7,93285334080574E-15 1,41084181729609E-12 3,90759724936921E-136 2,04784340475681E-46 0,999999999998533 3,7965917413085E-82 
0,982208121570126 6,22800971330191E-146 0,00295189222803081 5,1173238652191E-09 5,42778043235236E-223 0,0148399810774515 7,06805917457088E-12 3,6936424487335E-185 
0,00375969271297493 0,993248012287197 0,00295763163174383 9,54441398675675E-08 7,35390311944607E-275 1,29275160831678E-13 3,45679238147737E-05 3,67072290307177E-190 
0,918967549287917 8,73525257965688E-39 0,0559495511566557 0,0250828994628737 3,98108379395749E-87 1,17879150520971E-36 9,25534859236342E-11 3,75273100297664E-28 
0,000775122182798625 0,995147695647025 0,00407718216064124 2,69344365233233E-31 1,86221369843E-258 1,52677927247717E-37 9,53515100165497E-12 6,84094044908559E-202 
0,338474358116371 8,09363993297153E-142 0,482652800460085 6,77920943513691E-16 0 8,48271865598348E-10 0,178872840575272 8,66586618008778E-20 
0,0117875360957559 4,7668372757458E-47 3,50381242108146E-10 0,988212404416865 3,03147642507727E-77 2,51733683044497E-47 5,9136997695914E-08 6,08309368507148E-38 
0,408101787127274 1,05073739319345E-31 0,00757005988024422 0,584328152992482 2,5239653541561E-129 2,2932562270897E-32 7,34194831336559E-18 2,85930572268055E-23 
0,318694884703847 0,339484953382642 3,45747768746587E-38 2,09089026863673E-91 0 1,55427928503774E-96 0,34182016191351 1,24146983005229E-288 
0,626780641542278 0,354552109756955 0,0186672187769485 8,86666849795485E-204 2,99237715316047E-08 4,69604089277426E-14 1,68047613637541E-152 2,02317710879715E-250 
0,999989699752769 5,23652940862684E-18 3,06078062181048E-16 3,09526916826657E-78 4,65827153177549E-227 5,81191173035575E-115 1,03002472311532E-05 1,09044907981982E-191 
0,0135747958829154 7,95880437445674E-25 0,00227500202886927 5,37712783753652E-20 9,15128873168321E-124 0,984150202088215 9,92808616554055E-19 4,2016829407601E-91 
1,58763472733352E-25 1,40128430375601E-54 5,26807912932629E-27 0,465879300927661 2,43041236259288E-98 2,71257607409796E-62 1,6445448424813E-29 0,534120699072339 
3,32402314005124E-25 0,276200481931297 0,306641735915593 2,38303455820272E-115 0,41715778215311 4,44085047703667E-116 3,03355418855961E-112 5,3924554663757E-58 
0,058646525871848 1,96249785353623E-11 0,444988506950872 2,73568072434917E-53 1,26945165545429E-61 1,85408116946214E-157 1,05268008849402E-152 0,496364967157655 
0,00328410462190006 0,904424688821732 0,000194986327378475 0,0920962197150172 1,60974285581979E-305 3,00070638754227E-10 2,13901702608893E-10 7,08086203352285E-82 
0,839772777440873 1,12734780145661E-38 0,160227222559127 2,07018427186756E-43 3,63322053204946E-99 3,1166525840112E-60 5,21265191205784E-41 1,87137725858871E-48 
0,14291820733507 0,00836298536889566 0,00885625099433276 0,839711963605225 1,46786003908235E-229 3,16607483279472E-07 0,000150276088993179 1,18885597923977E-56 