0 1,5211551497331E-11 0,0525763080733956 0,0313440242559123 0,1546841716061 0,0139858081394427 0,02858441424584 0,172223712384364 7,13245680176231E-07 0,00321439803349817 0,00190679755871695 2,77736541152133E-42 7,73223959580403E-90 0,211321795752903 4,95154702528845E-114 0,0853826977046918 0,132419387784367 1,9494441136843E-57 0 0,112355771199877 
7,83632506847315E-12 1,03955942701532E-127 7,68739894295225E-150 0,198481596625595 6,60022212213686E-10 0,0154928986013467 3,40081270857928E-173 2,11282154646714E-148 0,0547104432397407 1,2729485124823E-07 0,00100518866773371 4,03496212790786E-05 1,14811700874888E-40 4,86203700799417E-124 1,22912295239004E-08 1,92262323092105E-169 1,07761073623466E-80 3,25426682152958E-06 3,74175976417487E-11 0,730266128686126 
0,00435010506402108 6,5288765639662E-142 1,03975297336259E-217 1,32506450836822E-119 7,98911343520036E-11 8,84586198194699E-191 2,15714945437846E-215 3,2739753782683E-189 6,14193136679821E-65 2,97440796456024E-193 3,71114395520707E-102 0,10256413001972 4,59413902906449E-34 1,44264962774364E-148 2,64663144562045E-21 9,12598904559199E-216 3,92831183387208E-90 0,8187519482734 0,0584803682827496 0,0158534482802186 
0,0596726283976208 3,6750130412854E-68 2,82117062552124E-270 2,1758677014782E-85 9,71358227535228E-80 0,861439920135329 1,47689490507274E-78 4,92593128016766E-80 2,96176497223844E-20 1,99458104287455E-132 5,98049902114634E-95 6,85072403003721E-39 1,37561793112732E-19 3,58444923557919E-76 0,0308533042002384 1,31171036091819E-77 1,25377406307894E-78 1,50598787574996E-32 0,0480341472668114 3,20177470812881E-81 
0,0752856907992716 1,06421608189931E-11 1,14316423415375E-194 0,350209700766994 9,00705006526105E-05 0,324571164158426 7,13916860580548E-14 5,98688224239647E-12 0,0133229867583875 0,0898264362471779 0,0518993625277318 0,0157244748074544 3,21286461516195E-05 3,6421212761304E-10 0,0364528785933032 3,08698702314743E-11 1,62999681839017E-10 0,0118376686404029 0,0303735492557094 0,000373887723555102 
0 3,22286297579529E-10 2,40575370296769E-195 2,52039753916961E-151 0,7556380363517 0 0,216904895594272 7,9982047836227E-06 3,41671785814733E-89 1,93739127959805E-230 7,56152942870429E-118 3,52695485245853E-42 1,0319544216473E-88 7,25276299441597E-05 0 0,00389319032340206 0,0234436554672221 8,41931380794792E-56 0 3,96961063896461E-05 
0,00204528317485492 1,20069308886238E-171 3,37535892022619E-214 0,230688256966263 8,44268172831399E-12 0,00138259273763294 0 9,75619242310065E-233 0,109309548232098 7,01307474261357E-10 3,94075868807679E-05 0,0114044291236919 2,29885440591729E-38 2,35954161905369E-172 0,00369663358797017 0 1,74819301474425E-100 0,0162944203229786 0,0012972458894382 0,623842181668442 
0,152681013221026 4,10154387112606E-156 9,65094007269295E-217 0,000282666624806206 4,79465822048771E-16 0,0167802962928749 1,45904347461328E-263 7,93302566473415E-203 0,150313079759299 1,51142271662569E-11 7,71758048097343E-07 0,00824918880567085 1,50601074838714E-34 1,13603848990776E-157 0,44501657292165 7,24265313702105E-256 8,69667389748175E-98 0,0061760378917069 0,219752162460928 0,000748210248875992 
6,03257413325574E-90 1,33162449223087E-08 7,50640407727453E-161 4,38491116518959E-60 0,0934793832890747 5,25284704194315E-79 0,519748810968371 0,00107982341230265 2,64474572109104E-46 2,66321452129561E-69 2,74704677506747E-52 2,48619456434192E-28 1,29250897479085E-49 0,00141154812582423 3,08047544243759E-86 0,349725192534887 0,03445060858409 4,51999052973038E-36 8,76122483714078E-90 0,000104619769205686 
0,242982724881371 5,62133745106282E-189 0 7,09321298403323E-121 8,09411879022516E-240 0,211290840333838 0 0 3,00534608904477E-30 6,57577370888002E-236 1,54591608992984E-151 2,44372984787884E-66 1,68254066475014E-34 0 0,155156571429762 0 5,06186760078943E-310 6,23801028103411E-52 0,390569863355029 9,35745902069656E-230 
0,229041597197121 4,32576080663452E-73 2,8199856471521E-273 1,20293682586915E-74 2,17109363260343E-82 0,360659712952861 1,96640548315478E-84 9,09454767695354E-86 1,98903318340324E-20 4,0481027183072E-108 1,64396736464509E-84 3,04724446843783E-39 1,75313032063115E-20 2,57971108469107E-82 0,141365446637111 6,53643725127214E-85 1,86729279273072E-84 3,08691596497644E-32 0,268933243212908 2,89351424997178E-82 
4,69277169127813E-42 1,97192038247851E-05 2,80033694723985E-64 0,0749038713982522 0,0346007987363814 0,0446677636831018 0,0131662901316724 0,0618997426012219 0,000367515370330186 0,10637417032423 0,0944425206538538 1,55878984957879E-17 6,24265807172007E-27 0,0871069173379931 9,5282555102493E-31 0,408259746017351 0,0699438420628183 3,39567087261437E-21 2,79327818983095E-43 0,00424710247896919 
1,55299905606469E-87 1,42410765089545E-37 7,01947314332426E-30 0,18120978079211 1,11157314857258E-05 0,00191432665616699 1,49695420914042E-37 1,44662416998663E-32 0,000509471630480602 8,60895608691229E-05 0,013688229551275 1,2840334417333E-26 1,0538137422223E-68 1,13798294883599E-31 7,81942257562616E-58 4,07209937417084E-36 1,31112069483776E-25 1,32040861294242E-33 1,70190327595664E-89 0,802580986077613 
0,0161541642093261 4,08191698302802E-125 1,99225535905386E-211 0,0520577316927517 6,50288656138004E-09 0,000551800096180845 5,79995288096606E-170 2,74637297602793E-149 0,00177259822486946 1,66926899996107E-07 0,00162305436285158 0,0551172266442916 3,73167869632856E-31 5,0259675943442E-125 0,020118191822759 1,8874109182839E-170 1,00140457249812E-79 0,211864374881207 0,00280322579063183 0,637937458845344 
0 7,09997093640923E-11 7,2571406680134E-22 1,66854974436029E-19 0,409632846524657 1,24695488770355E-23 0,141412789487358 0,0414381914080307 2,3750472573559E-20 9,36649732297433E-23 8,35441156246303E-18 4,37525418633994E-42 1,41367758135161E-89 0,0839054869859283 3,30831427897808E-134 0,213214451934946 0,0995685857272165 1,14219862362899E-56 0 0,0108276478608637 
0,306450965328713 1,60139177709233E-170 1,37287798302591E-217 0,00103203319565704 2,25091164185132E-13 0,00307719480824378 0 3,14401221841413E-233 0,287691977443165 6,9760882530108E-09 7,12215531212779E-05 0,00421844181455362 9,61630369056448E-35 5,6897075466489E-173 0,154290395327738 0 5,13405269531278E-101 0,1114624934559 0,126478274787667 0,00522699530892687 
0,174735433305489 2,03660555589458E-80 2,11930550136462E-207 0,0806664633535019 6,60604249222058E-09 0,0524241624198562 2,57604712839886E-100 1,20792845936846E-90 0,298147148248809 2,40342778794422E-06 0,00654594209465982 0,0583527305208354 1,18834127634683E-23 5,93419456221738E-81 0,0994901142306712 4,12756189541967E-99 3,06527528359078E-58 0,161115730468169 0,0401846722188812 0,0283351931052967 
3,87859560497931E-55 9,78058832527795E-07 4,92756914809009E-50 0,0444867088874409 0,00460489635112834 0,43178919117769 0,00480060094647301 0,0756460886149873 0,000296391781205608 0,0762553048854064 0,0636807075676244 2,98195850839468E-20 1,01306921367377E-34 0,162863898525092 5,33014723339795E-40 0,129972358455336 0,00116607658556649 6,00915103408874E-26 1,46274696249404E-56 0,00443679816321655 
0 2,14567262879358E-11 0,739172840813246 0,0675171398943635 0,0201196194154371 0,0360046706966604 0,00289747123242425 0,0125405473366274 3,25926556584692E-07 0,00148398584479152 0,0712235580651491 1,92039956313691E-42 1,67164861325564E-91 0,010562205102727 2,15285921077895E-113 0,0082775085838257 0,00840432009191789 5,80569801232213E-57 0 0,0217958069748171 
0,0119240799634617 0,000267140661247666 1,35751594777413E-193 0,00398109063911121 5,06475592435663E-06 0,626844253805329 0,000877927473823811 0,000904354837591341 0,00210534470007647 0,0119056675504256 0,00170426856155372 0,0017548230972535 0,0588946734553647 0,00188919374807579 0,211167992056844 0,00610644045352297 0,000101491317112868 0,000773430901655967 0,0587894299936202 3,33202800469227E-06 