0,00116730904987532 8,03540193324683E-147 6,88362251405712E-28 9,35030778205202E-46 0,998832690950125 1,63954656444308E-249 
6,73343927071646E-23 0,909505852829733 0,0255335551810231 1,73280896768308E-187 0,0649605919892441 1,86819504868004E-20 
1,9027749744844E-25 0,0222493641603403 0,0654315140202104 4,10546276189401E-23 2,08923213484057E-113 0,912319121819449 
0,16782802823083 9,51948980242238E-37 0,13670499983084 0,695466971938331 1,02372286644226E-22 2,68543012422743E-126 
4,57688790070008E-148 0,0882717601788747 0,911728239821125 1,50203886421515E-66 7,2201831811771E-46 7,41033737417642E-132 
0,999999999998388 2,44926743009528E-27 9,19578730971394E-14 5,94397774726202E-46 1,5200384177623E-12 9,3743994750408E-90 
1,89268143018166E-59 0,99421224520173 0,0057877547982698 8,31750588783654E-103 7,68911063344388E-53 8,21922076786327E-98 
6,27215254084525E-100 0,966272473059419 0,0337172500480002 1,02768925809991E-05 5,65889201918414E-95 9,55521465545543E-26 
0,61862701859343 3,0525809161799E-186 0,337994422064119 1,21665599882812E-141 0,0433785593424513 1,18425821679982E-196 
7,21787174803669E-134 0,0218986209489353 0,00549709684505456 0,97260428220601 2,21899079385676E-83 2,27431301255157E-37 
0,0982178593603478 5,17662237662698E-06 0,20984478102607 0,691932182991206 3,45064413051569E-53 2,56195390325817E-62 
1,05367895597313E-32 4,81921256667653E-85 0,605297665079668 2,89738475668962E-133 0,394702334920332 4,42255909131069E-203 
1,72888532017077E-18 0,329712996746129 0,000149709521950243 1,46447750298027E-227 0,67013729373192 7,07092018950586E-19 
2,07158931890322E-06 0,902624348455887 0,0973735799547929 7,24642843437629E-16 4,1748163499751E-60 1,98301223620345E-37 
0,245971341101786 1,86682519955014E-126 5,17861220377405E-20 2,48954729930023E-50 0,754028658898214 2,60192708978333E-187 
1,02444704788815E-83 0,994167950430106 0,00583204956989384 2,07186932594818E-31 2,34860698166736E-84 3,38854834321617E-64 
6,638184217245E-73 0,720284004797425 0,279715995202575 2,0520430444512E-37 2,23092758866721E-67 1,26908911003989E-55 
1,86488647941109E-76 5,39577558176536E-77 0,515303241500782 7,72634357836199E-73 0,484696758499218 4,58591080808485E-282 
2,49122681619935E-47 1,81255556411869E-143 1,24415115926554E-75 3,10923922797007E-120 1 7,78064581374903E-226 
3,2247918382882E-11 5,58608186214396E-72 0,996072242775233 0,00392775719251913 5,57119358194625E-37 1,34083724078415E-84 